$ANSIBLE_VAULT;1.1;AES256
39663232613537613963376134363761346131313634343230636431633062663532393735306261
3362313034343533326336616431326561386330353239340a633263363362353564653466386366
35313538623132653939636432383133356637626662633939393561303331393837663965633861
3939343831643665650a343165366333356532663530303635616265373366323333636162316466
37333061363033306665376439623435643038363436383362323636373166646636393134366238
30313730623861323262336530343964653832396266393337333033313064616138346661343561
38336434346531363339343234396231643734653363336135633532316537633564633462616432
30633432343534653864323636353865303234663732363064393939643938306636396536313061
63316565653039356662326161393836393335313731643437626336633338356266303464343035
38353766373264313461643034376233303338643931623539326234353165393734353731373934
36653363323735343061393830383135326434333265303336383332303035663965393032636335
61633135386331393239326139643735666334393836373638636630323162623363363963636262
63346230656338653836396436623163313962616162646265633734333361343565313632646431
35336566383934393765653761616563643832616364303766303562613465373433633735333066
30366462306237323262626135633334633765626137316265383062336635316165626638653461
36306162643436613464313562323366666663666337366536653338316635396664343764316166
64366136356231616634326633623265386638653537386231666137316433356662303964373666
34643232356334363366666562633861303465353062366531653133626338306266626332306435
65633133646637393534656664663665623463393036656462393230366565353639636462323034
37656530306462373130623865633865386364623366306465613932646663643030626236303532
34326533396662623535333935316266306438326564616334666163646364316634616166663334
36613837373263306563646331303438373631303834336534653564626362633335353061613336
31353366333539663964346132623537623231616336306566333035656565636634323030383364
39646331363232613237653735393638306131653563326330633630643663326632643839653262
32633239653361336665633039396437616338636362323136313136303566366637346138303361
37336332663837353838303631356364613765363363373131393733626164333533366636373638
66313365376630396135656630333231633838343863303764343635353930316363383930626365
30326166666138303763306136383536353638316535306239616231653332636662343632383439
63643961353837633339343865613831633839656534663533326239623131623262393863626162
39623265383166346534386137626132633630393530636239353530623466373630626466313366
31626664643362363432396438386162336136313434613965623635366164623765303332396631
34613435356331333063303534396239363962333062393838373231333363656564313937333966
38353633343061363631313165646162396261303636396261383133663163633236306236306639
66303437353463663266343038616136623430653230313532626531366232363937393131663534
37373334666261636339653732313234653664346432336562356132336362303534363961356332
37663332643865623136623332313039346636386138623264363134646539313733653938346638
63633037373134386161356235656466336131386666396535383835303232636435376334393963
30643834363730363035643662353538396539333935656532373163373933636639376432643532
63653530623530343236313237303366396463356662353736306663316433656432396463396435
62623733623566323432393261306139383637646563376439613734306663613535306239623131
64633831323338366664616361306235663366343362623934366137376536323231376630386166
37363333636465326562393230343566363233336232343066313061643039323034636565386364
65326130343239646630366237333634386135373138363430616531613830616662353436366562
64633937376564653264303961343963386630373732303831363731663639366539396237623566
66366430356436356338653037386434643837386463646136643337373863313664656633353338
35373730643630326234646362333264633235663438383832363534373536373134623438333663
35656536383236363837663565323265346636636264383538326535363831333032656232333130
63393862303539366262633536336662623535643434313235633366356135303739643261363436
32666664646663366333383463343933633266303366386463643532343631636232393338366338
32313734323633643662353737396364633466656465306333373031323965306135373731663963
38333162363331343636356564666536386466636636643864616439373231326665656161313638
64663533613663626330616661316431373565623034663564383135623032646132666337386563
64383464623537383233613565386663373334623361363361333532313436383630383236356630
66373934666531643036656561666232393863663439353132363637666439323132646332383233
61396230383663336639643838316439323738636336396230366465666539373564386261343561
38393164356138656238656464386339633937646133353538373462636536326335643032306362
38643038623264623334363737393630356265303634613762343631373734356230666338303431
38636462623233623934316266303139336663343137303732383134396163333135363134663633
36663461386663333436373533636333393165316263336265373861656436343265366666333163
36656461326366653133313233303638323735343931313061306661663564616662346639313133
61633732383866623963386535393162613837326565393231616438633735306332663737373133
32316463336561613335346334613232343566316237346266663162363065326565393539393232
63323530623333646131376662646365343632343664666636393864393165356461306366656637
64303133666466393063326235643535643831343437653731373766353639663539306534653736
33616132326461363163343330643662353230346662346663323638373036636435303831373564
35333461643264363165306536653364313136666234393930393430373161626332656137373163
66313834383031393662393735333536633730363033353038383963353563616465346363646466
65313833613833316463613766356139626337623033303737643235376335323934383163313561
36653762333330313933393038653534303962383164343237393937366662393263373663323535
36363936366664646266363733303161656538313836343963653363383839313563343366373164
35633065343633303337323262653231323961663437346663656661656461666336646637653435
38616365353230336437373832373638323035653837376563303430353536633836653137343432
39356334656632326161323764646663653333643530373536323035663736373231633239613533
31636564306664393432313865626634353331356230623531653230643239333539656361313231
62636465366638333838633533336337663839373963646466646163366636666466386132616337
63643264653538343035333461643634393936646662623037633233313636656630353232316636
32393934383534316335303938373663353435346235313736336430613262633934396664663833
30663733626638383263666439383265363539393230646537646337643866353864333265343130
32623061376431316361393863643132643837636334363361346335336331663366366138393661
39373932323032373965373836663235343465363766336339366133623530333964633064346538
38663861383838663338353633666164353139666638383733623139366266343865613837643032
32356139626633653637393934373563623364626133663036383362616135323365616466303635
65363831323931623864353234656663633236636336613062376234386665376131343734376334
38646536353832323162323634616666393964336637303963616639663663666239363038663261
32313838313739336163343432623331356463633734386665636639646632633434353564623332
39653533353036333530343137663135383039306332653030333234303531396436376237656539
34373866363537323862663664623331663635643863376261323730353366663239376239633335
61353034313365386438393266313264663865356630666563313739633233316563356133616630
63343037373832383032656564333030393936626366353336613039303436636231383331393464
38323139656664393332373034656165663665646463333764376162393537343264623739383663
65306232626566633731303432353861343231353936313335303737393165323337623330363337
32336462316639356139303366633630353035326439346663306563653165666133373736363430
33306331303064656237343735656134616539313330383232633963636234383633336433613539
64633736376333303032396130313737313031386635373630646566396539646334393837653031
61653162323435616663316563366265373230323338616232323634316363396335613431313938
62386535623531373232656464323330393531353063336131616534383932663365626365616230
39626361636433313537373061656463383634336136663031363439643830336563616238386339
34373635346336636362666164646162373336376662303536656130323136333439633839366630
33346637346132316131393839383238353430373833656137386331623139623635313737333461
32616130653464303537306633373530646463316132306530346665646666656262373236353134
64616431633366306430306663313862313139353963656532623036383130396336333365356265
39313530393962356539663039383133383733303132633562343737333636343162623536663039
62343231396139643663313835313164383839303064306562333965666431653563616433613335
61623764613165663537623664313837376339646664376430323561346463643636626530333530
34326330633931346630306231386431646439336530393233376136626165646235353338336133
36636633353031633734633230656664326231633038613566633136313166636238303962323861
66663366303461643165356331616338373230323633646137393131623265376238316161376432
38666132336534616439336435666537343866656235613535326530363735633965333939353633
61303735343665336233353036613839346363336166303030333636383866636164643765306635
36396661393264346464343730343433636435656464363639386333636662373537396239323337
64383163373436366461336530633465636336346139396661336438396266643436353634636338
64383736356464646163666632396132393939313438353330396362393639383664386163366665
63653231646138376361636139303337656633376466613361663764343037316238303066326637
63323236356564383065303138346338616463323034313065353565323263656430363130393032
36393339356438383436633739626432613532393437393137383261623266333632653263353261
36653163393637326130363037303338646664643136623938356234313332303064306336626432
34376431316237373562616635316463343137333061356439356635306435346434656364383338
63383162613732643831383631303434333135383962303036373639313662353763383034333966
36326363623431633739663532303232633164643931656337373666393637366466366239343830
30316230343338316136343164353361633962396133343031306435653530383832343361633530
63396134633661363233303337633232646135646130666465666531303362656133666331353837
39343965636632636136383536353530346464666237343663333839333235633030613236353638
31376165633861343966303062623138613533356238376131363738653130626262656437616131
39336137396136346630373130393538306636306165616561366439393565663838383538633435
36396439373838393238623437363262363562663937633634376338373366363435343461363037
34383336333931616164363061313464333165313765303533323934653064623834666338656434
31626665623961623166643132306165653438343735613132666437376463336437633637353836
66306230383431336636626337313531613033336665316338396137643436306635633135393065
39646562613461336265663231663565616262653134323733336662653838363934306334306130
64303530356164626233393233393233636561366638353464356135323966313566306537616638
32383239333733623366633664616266326365643864386463366636613661353237363162303630
39376234326533336462656438663837623166336535333035323830646364383864346462623737
63316635613665366432363234363036633134656138303131376366633732333065323865633532
30336635383435656635623130366533353362323236316139353139633536306563633331333736
32616563656332626162653239373563373133386261383031613033613665656364393163383261
31616132363330376632353464343633343463363661336637636137363965666162323538393538
36373236323335656133613431336133643934626164323064643136323864626539353930373631
35303234303534623465353930653637653664626466613161383331393337623131316334316463
37656639363961346236653937323534323936366131303563333038333635653835393530363966
32393036323666363136623063376237396365623539313539353064346537386436633665623562
63303234346664353864313338643363373766656436323735373634623066653463616361383334
61313232633861663233333236636437373961623236653836376666333437323637383361383766
38663539306562306561306338623837316430356561366433353865313961383266393839653937
37386663346266373632636466663338666636393266663337306262316432633631323365663334
35633639663239313438333764346166316235353832363166373263633533353630336362383031
64333031393864626163626166326464643864613765333138353532396139646435343364613632
63613765336537646466346239396338353865306564323434393736626361363466613330663030
63396332626665316230353236613832303666363536353265646134303432643864616532376535
39613433663465306466653764636633326566666636613662313839333735663436386135353036
66623432656665393761626366316535613337353066393232373831616234613564353238313935
61613062363966616637373739643865386337653034633164313935646436646633343165383665
39383431313334353133383031653461663831636564646565636531336434313836353562383365
34376563663939366239386266653039613639363130663736376334663262303361396630636431
35663361643537373838363261303430303164363533626565306465386238313539343938383934
35616663326161633565326263623737653633346266623761636166313436316664613637396232
36376634316230626439613430396565303739386466653834393939393265636433323430353364
65613564396334336536363739356230343865646332663565356436643766313365643663616562
64376164363432396130393163313066613430636666626231333339643732326366353066303638
63383965396163376232333566333461626533666437613132613031393962353366653866343137
39643439303931393538363563383838343732333339646166383263373933656135386364626333
65386239623165613038633565346431373764636637393835353066626263653235316530393833
61626630383331663430363831373963303939373265333537346366636163313339346363376532
32356464376664623466653731613664663936643034623566343339366336363431353939323832
62303633393333643732353736663965316162373334343934393561633434326261656661356561
31646664663266323865336431313536333433353062313331643937343236323732613162643561
33336430303338306337363532656661343034353832323834366133396362303330363966663937
63356636313834303162646265336563616566646163313437323465393965633631663335343439
34616461373230363965313138653036376536633633633962356162386564343532333764616233
63623834303362623239376261326336336330613231326566646666613631643664646263633963
33313361663638653966616262616166346561333831363362373438643366353731366266636437
65623935383034383361356638643939333336363665653432613562343330633531626638613562
61643033616136356639346633626364663962333538653931333933306130626537666362376261
66333761646463353264313161376330326234646165666333383831653663326263653465333930
65623062636130363264343434626435333330336531646666376335653835303332363733623931
36613464343836386134646537643836656163646630316165643031316132316330613264386537
37393534643339616134306531346636383737366332653033396638613361616234653939646537
37346665663031303666393335616238333762333439383339363934323039623662373534353834
34313335306437373434326661656330643165613230373834643061666334643338373438393566
39663632326136366334333533393263636332386263636564333530633132326138626166663364
63303030343263306634343736393263363439373061373033363261326432626138306130316566
64333237316363383430623339373165613230343333353934346434643661666532373065366566
38333735396463653539656238373532326631393163616436333362646630666531343665373465
66303637666135613431373966376332386263376136396332346336653064373632663432346437
31633237383236373832306464316532303531316137663662666564666434323238653764616430
35393166653435383463343738336266626161653936623532336236666337616566363633373263
34333766353739323634633663613665653539666439633539663933653831633366343661306466
36313735613861626266323830616363633136373031316638346537316534336533323863383138
34363134396462376365303462313662393362343066353737643263386663653535343362366539
63326232306334396533653763386631346438323038666563343835666637633330656632363666
32393438653438643463653436653932336135383830623439343263326234643134656461613334
39643637343364613436636464333561326133643234653939326638386561386636646364383134
34313434346435373837643137356337373333323932373466313332366263363836366166353836
35393132623431323039303839316533333463616365386237393962386266656665343336376466
32653934643130663861393037313331663738333036643937646463303839383035316237346132
63616266636432343836323532643264343965643735353030346662316363646638323266323437
35623935333438316134316431363938303664383031396331396163376437633234663864626565
65653538303330643064313162353566373462386232613936613831623636623335393664653765
64303838343335643162376532663532636631303235386431646266653133646562306539343834
39303466333431373835383933666338656232353533363066356132306463306564353465613531
61316437303833346334636538633335343438383165333235663965386462376432623833616238
32613965393730663163323139336261633636646331313438396639313534333663333238333261
66373663633462316330366131363864636661343366366634363664613961663335393366616166
36333864363734346331326665393736383734643962653862313762373535303232663130313037
34346539663661303633393530303063666261363263376562373033646362363139666333666662
34613131363833633037376131626430303336646637323665626330343563663439613338376430
38633561626663396262613763383263646334643234633361343232313136303536356237643932
36376135643463326561393164373230343962336538303431626433656236656330313437326639
61393261373434303462383061343463643839643536663536656635356466626564613737646638
39323731373936633237613038316361393839356137303439333163353832343364313537346639
36643063616263646330366239616335326263306630643336656361313662623735663266373934
34666464366634633630663265343365336163633539633335333531306465326137626438326664
31633464343066393031376336303035323064376139623766316238623135393462396263613939
66396564656133353162396239636335373833353264643639373137323234356636636331643837
31643366313666646232396234623763616664393362303637316461393437646366393337623934
34316566383639383936646163366237663038666361393836376436626165306564393330663563
38343933336339623963353037656235666431616437376238336261316161643232396638333933
65343264393464626438666465326331636330656632393234613133343336633062376335303566
33303631313335663137363631326433336662643032323938366335393862363731366661663061
64633264643763303662666636353230646262366233313932353230353532666539633432643934
66373762353463353333393232623334346163343034636434373032396336653433633563613165
64646430303966376430393838303064616532383731646636346265643861363135656663383766
66633263326432633435373739623032363662383964626362383663326465626362313538303164
34376339363430373265346261396636633938326666353837346666303266326464383162613966
32613166353862336431353034653534363032313435623839356433353463653764306334343733
65656461393530616366396230666563393035353532306438343036666333393761653835383765
30373961323465633363653861383630623166666439316333353932613632316438306234323866
64346265626366613362623565346331613837336539386266316237323838623161346363313364
30313633643163366135313232323839353935373263366566363232336135313939396131383239
61396462393764663335306265323232663766373435663237633035633632373563353631326230
64306266333139653631393337323833383162616539336566363837663263373235323534363539
65356363343432616561303062666434633261666634316534366163383066663435323036363566
65373136653939666230346464313564386166653238383364616535326239643036326166363333
34646430656132373066346430363438613366303263323564646433303139303134313136346263
30346436373563626638363162333361346265373230316430363930653139303930333231303235
36626166393166386534363961666464643837323966653630306263303736333536333433336264
65363733303138623737303566616638656662323334663139316435623261346135633066633032
63353130383464393764306261383135353565303830303334366336316435353838346635363964
64626661333032376632613036303561386631393963313838656164616161313961386336313866
35633439353466623236653234376232333934343262653432613237376237663230613531396134
35313938323836623761643135363364373036366636336234333535363664353166653034633133
34313433356532663734303130366136333231373534663663636139306463363331623061653230
36383237656437653165306238633434393938616131376134643862666465653231353636323934
61613164346665623663653762303335353737616235323934373366396161356637396465663263
63323963623138616434626262626538383433633462346663663566303364363034646566303837
35343935336664626130313538303861386632333433376362393461363138613634653039636266
36386662616163363132303332646331393264343632393761356134613135646564616238373565
39613831393137393935333131343135653966663232343466626337666466383661636166383131
62346632336234393731323431313264366632366330633938373839396134346161306663643032
37386438663631396133663039393237363833656263383462343664313339393761376331313332
39643031653532653630356565326132303133393730626538333736666264303530356536396330
66373935313064306461656564646465383232663566666639303238346163343536326637313235
34363862643334313062373435636334666564333366313763383630336632343364653862373037
32623637633261386464386265323361656561376234633733343662613333643030336334626237
32393239626465396466643239626437306439333533366139393234353363613235303937366537
31363863393364346334333562616435313139363462303832643330663432363062653538353431
35323236643133313761393566343835333965386333306233323966356438396333656232353832
39303130376134623061333031383431653066386463366535616234363234343936666263346338
35336431383537366666633065373663623863616564356430646136633633653730613034333933
35356336353261613661663238383232383638373939306661333463316633653562366639303033
65306361653162333134663863656437373731643263656532663561333231663261653561346339
39343833613262316131353032303361666162306361313631663632643465356634393034356639
65613936383634343734666335336565613863346534386461313666646363393831353635343864
35376437373730373431373735646166386563306261646135636239346630323665663432306662
30323238316630626538306263303439633366366363633162343335626566383335643931366166
33316438386564353061313563363662363730383332353632663336366632643266323565363262
36306537356139303736636539363635643235326666346662343635653665333733303665363038
37653038613930336630353938663935323433303736656132333330333534366161383264666631
37636235316632616631393066663763336134326364383538666665366137333132646438366462
39363535316337343931616135663866326433336566663633633162356165623739
